0 8.72286 14.8038 16.5201 9.38922 7.75743 15.3524 13.4245 11.2366 9.87032 11.9638 13.4029 10.4897 13.1555 8.44461 9.82411 11.592 10.0631 9.0085 8.4893 13.1917 10.3477 11.6924 10.1333 11.772 12.9541 12.6441 9.66429 10.794 12.6537 10.7151 5.20049 8.67553 13.5261 11.7833 8.35481 9.80215 13.1446 13.0841 8.06608 9.75473 13.2664 14.4296 9.97501 8.17724 12.9008 14.7267 10.6044 9.11092 11.1288 15.675 13.9763 11.8559 11.963 13.6276 9.56217 6.76963 10.3382 12.3212 14.2396 9.82046 11.4209 14.9348 12.4258 13.45 11.6306 10.4423 8.47195 13.0829 14.1691 9.14048 10.3588 15.435 13.8211 9.50205 13.7183 11.5876 11.3492 6.57227 9.33648 13.0293 12.1031 11.3212 8.68377 13.8311 13.1365 12.0514 10.0214 9.72749 10.1745 9.70087 13.7915 
8.72286 0 12.2995 13.1993 8.85717 11.7177 11.3925 13.4236 12.6887 8.22095 14.5651 10.9203 12.6162 13.6069 9.19213 12.1321 12.6687 11.1956 9.57655 10.6323 12.1895 8.62566 13.0114 7.84552 12.7456 12.1666 12.3522 12.6954 9.96384 14.0167 9.44638 8.68583 7.08672 11.7801 7.36108 6.92396 8.41928 10.8929 11.7251 11.7616 12.1517 11.6364 12.7312 9.81968 11.3192 14.4037 14.4052 12.3459 9.58447 6.84869 12.1415 12.3412 13.4079 14.3944 15.6978 12.122 12.1821 10.8715 11.0456 9.95074 6.10191 9.22833 11.4048 13.9112 14.8632 13.1313 13.9445 7.75488 13.9116 12.4876 6.55674 7.38486 12.0944 11.0943 13.3282 15.4332 12.728 14.2366 6.70435 12.4377 10.2204 11.6135 9.7883 5.92189 12.8335 11.0658 15.0803 9.73054 14.1045 7.40681 8.91411 12.3196 
14.8038 12.2995 0 10.7898 12.9582 14.8278 10.807 7.68684 14.6422 13.4824 11.5777 9.89456 14.513 11.9 11.1796 13.7698 9.88041 10.2316 13.6649 10.0626 12.5053 8.24333 14.589 10.6497 13.4395 12.4382 13.2314 13.3917 12.1453 12.9662 8.50803 12.773 7.97115 5.81119 7.0447 13.2745 10.3371 9.73098 9.60404 11.1717 13.1456 11.8881 12.1413 15.3709 14.402 9.45741 8.17909 12.9252 14.5368 12.3336 10.9358 12.0283 15.8363 15.5249 14.1853 12.6281 13.6741 9.56607 6.70565 12.5658 11.6396 14.0898 9.80804 9.09769 16.2961 14.9922 13.4443 11.6447 10.5306 5.33716 13.3728 13.8489 11.8102 11.106 13.6711 14.51 10.1662 16.4033 11.4423 11.3115 6.55762 10.6526 12.1876 12.2531 14.4575 5.87863 14.7484 10.9511 12.1248 10.1209 11.1218 9.64964 
16.5201 13.1993 10.7898 0 15.2964 15.8165 7.31128 12.5792 11.9998 14.1643 11.378 9.58943 12.6118 12.0492 10.3958 11.7915 8.82787 10.1462 12.3242 13.1511 9.01742 11.153 12.2011 8.9881 12.7962 7.61759 12.6463 12.392 12.8066 10.5102 11.2086 15.0537 12.8717 9.41372 9.43838 11.9689 10.7588 6.75037 10.0486 13.8545 14.1133 9.48536 9.4173 11.0162 14.8563 12.3453 12.142 14.9905 16.3345 9.85031 5.8642 6.8731 12.1962 12.4555 10.6286 13.3135 16.8665 14.3981 12.2698 10.9517 13.3707 9.89954 7.02831 10.3749 11.6257 13.7804 15.3689 14.2785 14.2406 11.924 12.9193 13.1529 6.31833 7.15276 13.6858 11.0429 11.4514 13.2611 13.791 13.8488 10.8191 12.2976 10.8119 12.3619 8.17377 10.7937 12.7349 12.8248 14.5944 11.8824 11.7331 11.6017 
9.38922 8.85717 12.9582 15.2964 0 10.6857 12.5031 11.3934 11.6986 6.21007 12.2706 11.5382 11.4631 10.4783 11.8563 8.95375 12.8977 10.5446 12.0012 8.19381 15.7931 6.3853 15.7136 7.41624 15.9014 12.8178 15.6678 12.1489 14.1796 13.8248 12.4794 10.5742 8.46428 12.2976 8.14646 8.16551 7.1276 13.7625 9.96387 9.63149 7.77163 11.8837 12.1949 13.5277 9.96266 15.0659 11.8788 9.89283 5.39756 11.5196 13.0312 15.2994 12.669 15.3792 15.1747 14.108 11.4357 11.7543 9.94162 13.0854 6.23953 14.4052 12.417 14.2176 13.7218 12.3844 13.1663 12.193 10.5436 11.6647 7.16966 6.68017 15.2582 13.5318 11.7056 14.1751 10.8381 14.5846 6.44488 13.3541 10.2335 11.9014 7.73711 10.4888 13.8498 12.29 15.0285 5.80196 12.0768 7.79023 9.61407 9.79946 
7.75743 11.7177 14.8278 15.8165 10.6857 0 14.7029 12.6603 8.2109 11.5858 8.67204 12.2871 10.8768 10.0334 9.12472 8.8304 11.9769 7.44808 10.8262 7.96402 14.3651 10.5135 12.8492 10.3463 13.4968 11.1593 14.8952 6.80743 13.4844 12.5076 13.0391 7.24314 11.1812 14.514 12.8399 10.8726 9.47417 12.2837 10.2468 6.79582 8.22285 14.1215 12.9294 11.1415 6.49463 10.461 12.3429 12.52 10.3938 13.5348 14.7725 13.1219 8.53017 11.5418 10.9429 10.3736 6.46087 12.4286 13.9315 16.7223 12.142 12.7785 13.896 10.1035 11.5746 13.0493 6.37501 10.5613 12.8211 14.2789 11.7666 12.4262 14.6142 12.6202 6.18781 11.068 10.5986 10.7141 8.20645 9.10046 12.7555 14.1362 11.5131 11.9934 12.302 12.3684 8.8306 10.8588 9.30488 10.1634 12.3142 11.5504 
15.3524 11.3925 10.807 7.31128 12.5031 14.7029 0 12.2656 11.3165 11.5384 11.8493 7.44498 12.3102 9.8158 11.8874 10.9021 11.7135 8.83974 12.8845 11.6942 12.1921 8.9645 14.7688 6.92699 15.8099 7.34372 15.4625 12.7938 14.6484 12.3189 12.5594 14.7007 11.8493 10.6347 7.53094 10.9834 7.56744 8.46856 7.71648 13.1996 11.4994 9.86429 7.98539 11.9311 13.6343 13.9423 11.0465 14.8384 13.1941 9.98506 5.22636 9.45195 12.3858 14.4378 12.6359 15.4813 16.4446 15.0239 12.4079 11.1462 10.4005 11.4283 5.10912 12.7046 11.2308 14.2806 14.8867 13.8652 13.8379 12.0042 10.5495 10.9602 7.01507 6.93285 13.9944 11.8963 11.8969 14.3741 11.9699 15.1133 8.83579 13.8768 8.66385 11.8068 8.13396 10.3413 13.8217 10.6054 15.2632 8.42927 12.2922 9.26084 
13.4245 13.4236 7.68684 12.5792 11.3934 12.6603 12.2656 0 12.9567 12.4135 8.21559 11.5053 12.3011 9.02395 11.7868 11.0703 9.76948 9.07214 13.7804 7.06814 13.8847 7.4477 14.9358 10.7089 14.1995 12.3247 14.2362 11.3768 13.586 11.3558 10.2235 12.4319 8.97124 7.08801 8.49904 13.3962 10.0646 11.6245 8.63576 8.08 9.84163 11.3709 11.0776 16.0718 12.8471 9.58917 5.92742 9.668 12.1655 14.1871 12.0142 13.3515 14.1834 14.0607 11.9226 12.3934 10.9357 9.8665 6.46888 13.8172 12.3416 15.766 11.3269 9.01899 14.6502 12.9151 11.3205 13.1443 6.65587 5.7898 12.9986 13.1642 13.7055 12.9869 11.1326 12.3865 7.59628 14.7015 10.7226 10.7904 7.43001 10.0795 10.6963 13.803 14.9182 8.66355 13.0079 7.85088 8.72707 10.8502 11.1039 8.42296 
11.2366 12.6887 14.6422 11.9998 11.6986 8.2109 11.3165 12.9567 0 11.698 8.41148 10.2661 9.64299 7.49006 9.04871 5.73116 11.597 7.03065 11.6289 8.15879 13.0047 9.89051 12.9013 7.84043 14.6389 6.98744 16.04 6.3831 15.476 11.1562 14.6353 11.1006 13.1075 14.2598 11.8687 10.6197 8.05404 10.5184 7.41777 9.22944 7.58132 11.7617 8.54096 9.48735 7.40253 12.1493 12.141 13.9144 10.7748 12.6309 10.6462 10.6536 5.05774 10.3565 9.60144 12.7093 11.3612 15.53 14.6131 15.4399 12.3826 11.1694 10.53 11.1035 6.72239 13.0787 8.5889 12.9224 13.2723 14.5362 11.7962 11.9248 10.6403 10.1866 6.91357 7.67948 11.3809 9.56324 10.4609 11.94 12.21 14.7494 8.68198 13.6778 7.77559 12.6008 7.60732 10.3448 11.6646 9.53115 12.7678 9.41183 
9.87032 8.22095 13.4824 14.1643 6.21007 11.5858 11.5384 12.4135 11.698 0 12.7249 12.3829 9.36128 10.5904 11.8153 8.52222 12.23 10.471 10.6371 9.11545 14.8091 7.01663 14.5673 7.04571 15.1428 11.3833 14.7812 12.3905 13.812 12.567 12.5527 11.346 9.0668 12.3065 8.42844 6.39626 7.78216 13.5177 10.1575 10.6644 8.86064 9.79861 10.2532 12.351 11.2618 16.0604 12.754 9.49469 5.5345 9.75509 12.1025 14.4153 11.9169 14.2319 14.5946 14.0031 11.9989 12.3715 10.4225 11.1646 6.33046 13.4681 12.0855 14.913 12.2615 10.664 14.3576 12.8757 11.169 12.5564 6.25971 5.43684 13.8916 13.1005 12.7175 13.2054 10.6117 13.4048 6.84877 14.2921 11.17 10.9424 6.42682 10.0705 12.3823 13.2943 14.9908 6.93018 12.6613 8.03316 8.27614 10.5882 
11.9638 14.5651 11.5777 11.378 12.2706 8.67204 11.8493 8.21559 8.41148 12.7249 0 11.7853 9.14575 5.99909 9.38195 7.12775 7.59248 5.8886 11.526 7.41585 12.2014 8.17472 11.4255 9.29037 12.6281 7.60559 13.7466 6.43219 14.3331 7.84462 12.9008 11.1301 12.1674 10.7275 11.2806 12.3261 9.49981 10.0024 6.69145 6.80793 7.89161 10.4605 8.12539 12.0665 9.15189 8.2633 7.45833 11.077 12.1372 13.9595 11.1395 10.2171 8.07158 9.07788 6.23746 10.2572 10.1977 12.6071 11.3964 14.9763 13.6007 13.184 11.02 6.77978 8.74793 11.3995 7.6043 13.3103 8.6618 10.5913 13.2516 13.1537 11.7492 11.9148 6.0568 7.02085 6.50039 9.0331 11.078 9.11792 10.7765 11.4759 9.57921 14.2774 10.0714 11.6053 7.01882 9.16874 7.35535 10.7635 11.5623 8.77262 
13.4029 10.9203 9.89456 9.58943 11.5382 12.2871 7.44498 11.5053 10.2661 12.3829 11.7853 0 14.4892 10.6609 9.6809 10.9806 12.4101 8.56502 13.6839 10.5488 13.0322 9.1242 15.538 7.10638 15.5744 9.32062 15.8597 11.5727 14.0832 14.5321 12.033 12.4653 10.4522 11.3632 7.64648 11.6434 6.52702 7.46097 8.04105 11.7395 10.3484 13.1263 10.6963 11.7613 10.3608 12.0053 11.28 15.8812 12.6748 10.7111 7.30477 10.025 11.8679 15.3783 13.6273 14.6056 14.605 14.1117 12.0153 13.7103 9.73406 10.4424 5.69318 11.5214 13.1052 16.6018 12.276 10.7193 14.6121 11.2449 11.1983 11.9363 8.93494 6.03444 12.007 13.2684 12.9028 15.3577 10.6157 13.4232 6.90069 14.8288 9.84856 10.8526 10.1745 8.27245 13.0021 11.2511 15.0039 6.99638 13.3143 7.52878 
10.4897 12.6162 14.513 12.6118 11.4631 10.8768 12.3102 12.3011 9.64299 9.36128 9.14575 14.4892 0 9.33738 9.66443 6.70894 7.74219 8.11894 6.65603 9.72658 11.1606 9.93538 9.17291 8.70743 10.7553 8.18148 11.0099 7.88694 11.8956 6.13741 12.3528 11.1389 12.5896 11.5599 11.6265 7.88344 11.1926 11.9494 9.97445 9.5837 10.562 6.67668 7.78497 10.1425 11.9843 13.1116 11.8323 7.52722 11.2897 11.0832 12.1003 10.8987 8.64513 6.81772 8.13589 9.55492 10.7753 12.5446 12.697 11.0076 12.3841 12.423 12.6643 10.7556 7.82373 5.44077 12.2448 14.35 10.4042 13.5407 9.59334 9.2626 12.6766 13.3164 9.88714 8.25904 6.93712 7.03891 10.1463 11.3323 13.8539 8.67629 8.2322 11.5794 9.5836 14.5546 9.49465 9.60776 8.98293 12.6996 7.42437 12.7289 
13.1555 13.6069 11.9 12.0492 10.4783 10.0334 9.8158 9.02395 7.49006 10.5904 5.99909 10.6609 9.33738 0 11.2526 6.16829 9.76167 6.2375 12.3657 6.84512 13.8763 7.62023 14.0426 7.79266 15.4228 7.26897 16.0228 8.1945 15.9855 9.57802 14.128 12.8875 12.385 11.7211 10.5509 11.439 7.95075 10.9083 5.96432 7.97077 6.87986 9.96773 6.43853 12.8478 9.38769 11.6282 7.18556 11.7188 10.2519 13.5602 9.41207 11.7267 7.51885 11.432 8.5945 13.3814 11.6381 14.204 11.7206 14.8862 12.1334 13.915 9.7424 10.3902 7.89929 12.0759 9.91435 14.7835 9.40749 11.2281 12.3904 11.3006 11.3625 10.8912 8.92531 7.50673 8.08021 11.0611 10.8176 12.4016 10.1687 12.8361 6.8547 14.4864 9.06913 11.3771 9.48806 8.30964 10.133 9.2858 11.9404 7.40296 
8.44461 9.19213 11.1796 10.3958 11.8563 9.12472 11.8874 11.7868 9.04871 11.8153 9.38195 9.6809 9.66443 11.2526 0 9.37088 7.47492 6.95372 6.73738 8.57856 6.75793 9.94055 8.03732 9.34115 8.05135 7.65942 8.59596 7.38042 7.65927 8.76572 7.46786 7.04258 8.92817 10.6049 10.1368 8.5751 8.83839 6.38949 9.89274 8.46703 10.4456 10.3589 10.7358 6.30869 8.95244 8.8244 12.3832 11.7273 12.4229 7.71523 11.8328 6.78997 9.15653 8.17104 9.29315 6.90151 9.37584 9.43026 11.2653 11.0759 11.3532 6.48786 10.5696 7.82996 10.2449 10.3439 9.03217 7.10473 12.535 12.067 10.5556 11.603 8.7831 9.22791 8.45363 10.0916 9.91919 9.23752 7.7625 7.40932 10.5738 10.539 11.0548 7.36666 9.2137 8.73713 8.68208 11.2464 9.52635 10.6796 8.96506 12.0872 
9.82411 12.1321 13.7698 11.7915 8.95375 8.8304 10.9021 11.0703 5.73116 8.52222 7.12775 10.9806 6.70894 6.16829 9.37088 0 9.68552 6.25265 9.13821 7.0758 12.4986 7.17038 11.7479 7.00475 13.4502 6.82263 14.1606 6.53348 14.1059 9.01428 13.2452 10.2495 11.6293 12.481 10.1791 9.01662 7.84129 10.7607 6.44375 7.49655 7.0117 8.82569 7.10852 9.82921 8.02096 12.0657 9.98388 10.3173 8.34227 11.8136 10.8959 10.6394 5.54073 9.51828 8.00732 11.5399 9.86352 13.4612 12.1495 13.0862 10.5497 12.2336 10.5033 10.371 6.68757 10.0972 9.11639 12.9804 10.3298 12.9017 9.50812 9.07614 11.8951 11.269 6.91871 7.00889 8.96137 8.52254 8.89009 11.369 11.4155 11.8084 6.28774 12.1356 7.98404 12.6559 8.21419 6.91219 9.52932 9.61684 10.1643 8.77354 
11.592 12.6687 9.88041 8.82787 12.8977 11.9769 11.7135 9.76948 11.597 12.23 7.59248 12.4101 7.74219 9.76167 7.47492 9.68552 0 7.33829 7.18846 8.90082 6.26093 8.87432 6.7576 9.81282 7.29724 8.86655 7.59009 7.76397 8.6166 5.33323 7.80684 9.78195 9.63147 6.82696 9.47284 10.71 11.3506 8.38625 9.53337 8.71802 11.7827 6.9194 8.74097 10.3214 12.4556 8.28486 9.54421 8.62674 13.6192 10.3423 11.2636 7.30904 11.6469 7.06496 6.78003 6.82673 10.5643 9.08681 9.26497 9.41861 12.7518 10.9019 10.9261 6.5035 10.728 7.65904 10.6192 11.2804 9.19012 9.72943 11.682 12.091 10.6489 11.6928 9.46028 8.97139 6.13583 8.196 10.7663 8.57997 10.4107 7.21826 10.584 10.7482 10.6151 9.87955 8.98535 9.36952 7.88253 12.566 7.30836 12.0288 
10.0631 11.1956 10.2316 10.1462 10.5446 7.44808 8.83974 9.07214 7.03065 10.471 5.8886 8.56502 8.11894 6.2375 6.95372 6.25265 7.33829 0 9.20404 6.34406 9.61441 7.15821 10.1863 6.41113 11.1055 6.12326 12.0235 5.72819 11.4859 8.09017 10.5028 9.30064 9.73155 9.49997 8.81484 9.35831 6.36241 8.03305 6.4489 6.10123 6.60986 9.01893 7.62921 8.89177 7.88095 8.11616 8.23434 10.6488 10.1058 10.4483 8.44993 8.33763 7.72069 8.29806 6.72476 9.54154 8.80682 11.1389 10.1 12.3827 10.4298 9.61576 8.23586 7.54163 7.90335 10.3063 7.56512 10.5039 9.28549 9.99511 10.1972 10.8422 9.02524 8.53003 7.02312 7.60728 6.89315 8.5328 8.84839 8.4806 8.93735 10.8194 7.76442 10.7858 8.05185 9.02062 6.63492 8.13839 8.20766 7.7601 9.61442 8.33655 
9.0085 9.57655 13.6649 12.3242 12.0012 10.8262 12.8845 13.7804 11.6289 10.6371 11.526 13.6839 6.65603 12.3657 6.73738 9.13821 7.18846 9.20404 0 10.2154 7.21096 10.4515 5.33247 9.41451 6.71185 9.84577 7.1274 9.24751 7.34562 6.92618 8.59281 8.57366 10.116 10.5842 10.7533 6.3185 11.2565 10.7031 12.2103 10.488 12.2784 8.06102 11.0377 6.84126 11.9203 12.1937 13.9232 8.81172 12.2895 7.53228 13.0316 9.47825 11.09 6.81866 10.5957 6.8576 10.1125 9.94448 11.8728 9.10897 11.4352 8.61241 12.9468 10.7457 10.5685 6.57046 12.5351 10.5337 11.962 13.3407 9.25889 10.1139 11.7119 12.2969 11.2014 10.9663 8.83371 7.88702 9.09892 9.26287 13.4407 8.72752 10.2863 7.91014 10.548 12.908 10.6055 10.4131 9.6301 12.1803 6.51382 14.8373 
8.4893 10.6323 10.0626 13.1511 8.19381 7.96402 11.6942 7.06814 8.15879 9.11545 7.41585 10.5488 9.72658 6.84512 8.57856 7.0758 8.90082 6.34406 10.2154 0 12.481 6.32144 11.8235 7.61815 12.1125 9.63386 12.8619 6.90301 11.8802 10.1756 9.99938 7.94914 8.56421 9.54848 8.84077 9.61064 7.54848 10.5275 6.72183 5.49486 6.69208 10.5041 9.38506 11.6754 7.72195 8.66559 7.84793 8.46281 8.17755 12.0888 11.457 11.8339 9.19086 11.0869 10.5549 9.21682 6.62705 9.51036 8.56022 13.426 9.68958 12.6178 10.7132 7.5806 10.8814 11.2478 7.54369 10.2768 7.5936 8.94469 9.57573 9.9125 12.6445 11.4461 6.62719 10.1049 7.48379 11.382 6.84036 8.22791 8.86001 9.79186 8.27143 11.0727 11.7196 9.37941 9.50123 6.54134 6.55877 8.12488 9.41005 7.54447 
13.1917 12.1895 12.5053 9.01742 15.7931 14.3651 12.1921 13.8847 13.0047 14.8091 12.2014 13.0322 11.1606 13.8763 6.75793 12.4986 6.26093 9.61441 7.21096 12.481 0 12.3734 5.89495 11.4409 5.75319 9.39705 6.46879 10.6697 7.1477 8.86973 7.77797 10.8151 11.4335 9.94542 11.7023 10.3316 12.9311 6.78851 12.7041 13.0155 15.1776 10.1641 11.8176 8.03881 14.4882 10.2772 14.3241 13.0458 16.7454 8.32439 11.9005 5.80439 12.7539 8.74155 10.4451 7.5681 14.011 10.9732 12.5565 9.74224 14.1538 7.96518 11.9862 8.79022 12.3753 10.5943 13.5105 11.1156 14.5234 13.3635 12.6989 13.894 9.21573 10.7884 12.6256 11.3788 11.4162 10.3399 12.1642 10.2627 13.0252 9.55884 13.5272 9.77711 10.2191 11.4288 10.7524 13.6901 12.0358 13.9966 9.13408 15.2593 
10.3477 8.62566 8.24333 11.153 6.3853 10.5135 8.9645 7.4477 9.89051 7.01663 8.17472 9.1242 9.93538 7.62023 9.94055 7.17038 8.87432 7.15821 10.4515 6.32144 12.3734 0 12.7892 6.14971 12.7357 9.33277 12.5665 9.67996 11.5838 10.0266 9.1152 10.1638 6.185 7.75278 6.38687 7.98239 6.16114 10.0438 6.97767 7.23423 6.6305 9.31736 8.76678 12.1887 9.32021 11.0133 7.52175 7.86684 7.25015 9.61417 9.29414 11.6802 10.6834 12.4475 11.1781 11.3161 10.5228 9.01684 6.44941 10.6755 7.10475 12.2958 8.7993 9.85629 11.2454 10.0965 10.8383 11.0468 7.50949 7.28718 7.48456 7.45858 11.1429 10.1052 9.9641 10.9872 6.77384 12.5857 6.85133 11.2071 6.7564 8.80091 6.28166 9.44008 11.2116 8.51934 12.1056 4.96254 9.44355 6.37007 7.60192 7.06614 
11.6924 13.0114 14.589 12.2011 15.7136 12.8492 14.7688 14.9358 12.9013 14.5673 11.4255 15.538 9.17291 14.0426 8.03732 11.7479 6.7576 10.1863 5.33247 11.8235 5.89495 12.7892 0 12.5397 5.04857 11.0638 5.74049 9.5764 7.37986 7.24255 9.09526 10.3202 12.0503 11.348 13.2204 10.4748 14.2512 10.0804 14.082 11.4094 14.9666 10.4924 12.6436 9.20008 14.0739 11.2404 15.028 11.1592 16.2717 10.2445 14.5544 8.45669 12.1578 5.75284 9.25156 6.29662 12.0236 10.9278 13.906 10.9561 15.1509 9.75086 14.6474 9.69048 11.9615 8.25506 12.8013 11.8528 13.6653 14.6348 13.3321 14.1118 12.3248 13.649 11.5779 10.817 10.221 7.28705 12.483 9.49443 14.8997 9.94563 13.6587 10.4434 12.0637 13.5855 9.95998 13.4006 9.77247 15.24 8.57192 16.7306 
10.1333 7.84552 10.6497 8.9881 7.41624 10.3463 6.92699 10.7089 7.84043 7.04571 9.29037 7.10638 8.70743 7.79266 9.34115 7.00475 9.81282 6.41113 9.41451 7.61815 11.4409 6.14971 12.5397 0 13.0554 6.94596 12.9643 9.30094 12.0646 10.4711 10.4192 10.3497 8.22231 10.1461 5.41475 6.8552 5.60712 7.96129 6.27242 9.26438 7.71131 8.38114 6.57686 9.90183 9.54064 12.2611 9.50416 11.0512 8.22317 7.53449 7.34515 9.199 8.70886 12.0556 10.7509 12.3448 11.6983 11.7659 10.324 9.74788 6.56327 9.73864 6.94694 11.0351 9.17555 10.8552 11.309 10.5342 10.8004 10.7036 7.25811 6.88268 8.21222 7.69564 9.83537 9.69663 9.46167 11.5712 7.27337 12.2085 7.57802 11.1528 5.3606 8.72281 7.91429 9.10281 11.1826 6.69992 11.9046 6.30105 8.80856 7.25136 
11.772 12.7456 13.4395 12.7962 15.9014 13.4968 15.8099 14.1995 14.6389 15.1428 12.6281 15.5744 10.7553 15.4228 8.05135 13.4502 7.29724 11.1055 6.71185 12.1125 5.75319 12.7357 5.04857 13.0554 0 12.552 5.07092 11.106 5.35091 8.88846 7.16471 9.45125 10.8641 10.7405 12.7967 11.1572 14.3606 10.3982 14.7301 11.6343 15.7574 10.865 14.339 10.2904 14.7163 10.6843 15.1168 11.6276 16.775 10.3634 15.9228 9.44481 14.4118 8.33017 11.144 5.10834 11.5034 9.24288 12.8524 10.7971 14.9117 10.3922 15.2527 9.44058 14.4505 9.72412 13.2412 10.5267 13.6496 13.5892 13.5167 14.6967 13.3484 14.2512 12.6478 12.9861 10.8459 9.84432 11.88 7.9756 14.4564 9.32936 14.7529 9.93953 13.5973 12.3941 12.0383 13.8366 10.2257 15.193 8.58363 16.9195 
12.9541 12.1666 12.4382 7.61759 12.8178 11.1593 7.34372 12.3247 6.98744 11.3833 7.60559 9.32062 8.18148 7.26897 7.65942 6.82263 8.86655 6.12326 9.84577 9.63386 9.39705 9.33277 11.0638 6.94596 12.552 0 13.0936 7.30019 12.9211 8.30458 12.1988 12.414 12.4238 11.011 9.65453 9.89727 8.34625 6.8579 7.24265 10.3579 10.0044 8.4484 6.00831 8.31662 10.463 11.7327 11.3453 12.6704 12.3958 10.2527 6.99429 6.56127 7.17452 8.95001 7.25951 11.8633 13.0751 14.3458 12.8241 11.6711 11.967 9.18119 7.13659 9.76113 6.50178 11.0662 11.1586 12.9988 12.5283 12.8778 10.7759 10.9626 7.25572 7.26758 9.14079 6.83407 9.09992 8.47315 11.5704 12.27 10.8473 12.2861 7.59463 11.4787 5.05985 11.4542 7.85208 9.88862 11.6355 10.2437 10.9222 10.1756 
12.6441 12.3522 13.2314 12.6463 15.6678 14.8952 15.4625 14.2362 16.04 14.7812 13.7466 15.8597 11.0099 16.0228 8.59596 14.1606 7.59009 12.0235 7.1274 12.8619 6.46879 12.5665 5.74049 12.9643 5.07092 13.0936 0 12.752 5.38227 9.32863 6.71018 10.3274 10.5374 10.0262 12.0562 10.7293 14.458 11.1108 15.0741 12.8506 16.4683 10.0507 14.3034 10.4897 16.0658 12.0769 15.3288 11.2506 16.7672 9.63867 15.5918 10.3192 15.9146 9.5791 12.5254 6.77679 12.6296 8.83315 11.6607 9.28355 14.4809 10.8103 15.1321 10.9541 15.3084 9.46461 14.9765 11.1426 13.5703 13.2779 12.8522 13.9357 13.5589 14.6355 14.3471 14.2104 11.0459 11.0484 11.9909 9.43705 14.2864 7.85961 14.5687 9.74107 14.1323 12.7999 13.5733 13.5252 11.5756 15.2943 7.54527 17.1582 
9.66429 12.6954 13.3917 12.392 12.1489 6.80743 12.7938 11.3768 6.3831 12.3905 6.43219 11.5727 7.88694 8.1945 7.38042 6.53348 7.76397 5.72819 9.24751 6.90301 10.6697 9.67996 9.5764 9.30094 11.106 7.30019 12.752 0 12.681 8.02144 11.9302 8.80864 11.7882 12.2581 12.1302 10.441 9.38739 9.88855 8.92653 6.1125 8.22037 10.9695 9.75307 8.98149 7.39712 8.73311 10.6589 11.6914 11.7671 12.324 11.9403 9.85995 6.30617 7.13821 6.93274 8.77765 8.12037 12.2384 12.9188 14.7696 13.0933 10.8649 11.8641 7.66716 7.53734 10.5838 6.65405 11.515 11.1331 12.9248 12.2961 12.7209 11.2465 10.9434 5.31568 6.68493 8.44035 7.37129 9.47464 7.87569 12.3754 12.3375 10.1999 12.3078 8.87466 11.4419 5.02206 10.2784 7.38267 10.7038 11.0465 10.7551 
10.794 9.96384 12.1453 12.8066 14.1796 13.4844 14.6484 13.586 15.476 13.812 14.3331 14.0832 11.8956 15.9855 7.65927 14.1059 8.6166 11.4859 7.34562 11.8802 7.1477 11.5838 7.37986 12.0646 5.35091 12.9211 5.38227 12.681 0 11.0704 5.32769 8.19656 8.18428 9.84032 10.6958 9.98645 12.6638 10.411 14.5196 11.9999 15.2879 11.3229 14.5981 9.60321 14.3228 11.0221 15.1158 12.1312 15.4281 8.44574 14.8651 10.1177 15.6494 11.0307 13.8814 7.08206 11.6927 7.41047 10.5934 9.48643 12.2625 9.32399 14.4321 10.7889 15.6588 11.2421 13.8868 7.94951 13.6851 12.2283 11.6205 13.3269 12.8423 13.3578 13.6795 14.8802 11.976 12.2931 9.94907 8.17824 12.5796 9.21838 14.2628 7.5486 13.9844 10.9735 13.8804 12.9357 11.6033 13.0903 8.3648 15.9802 
12.6537 14.0167 12.9662 10.5102 13.8248 12.5076 12.3189 11.3558 11.1562 12.567 7.84462 14.5321 6.13741 9.57802 8.76572 9.01428 5.33323 8.09017 6.92618 10.1756 8.86973 10.0266 7.24255 10.4711 8.88846 8.30458 9.32863 8.02144 11.0704 0 10.8623 11.5203 12.184 9.74015 11.684 10.1994 12.5485 10.2509 10.3111 10.1632 12.5733 6.29265 8.08211 10.6975 13.5783 10.8744 10.9625 8.50068 13.888 11.7019 11.8172 8.87766 9.82863 6.51868 6.26907 8.06777 11.655 11.8584 11.5077 10.7056 14.23 12.2984 12.4122 8.3655 9.15288 6.65234 11.9042 14.0941 10.1189 12.3678 12.1189 12.1925 11.7511 13.1163 9.89316 7.00852 6.67618 6.69639 11.9125 10.4699 13.0838 7.61523 10.627 12.7425 10.2098 13.1721 8.51667 10.0113 7.97914 13.9056 7.65685 13.1731 
10.7151 9.44638 8.50803 11.2086 12.4794 13.0391 12.5594 10.2235 14.6353 12.5527 12.9008 12.033 12.3528 14.128 7.46786 13.2452 7.80684 10.5028 8.59281 9.99938 7.77797 9.1152 9.09526 10.4192 7.16471 12.1988 6.71018 11.9302 5.32769 10.8623 0 8.45234 5.93572 6.60166 8.0651 9.89664 10.7288 9.06889 12.3852 10.6492 13.708 10.2497 12.89 11.0175 13.4341 9.25483 11.9658 10.7848 14.1568 8.73831 12.7071 9.91513 15.0332 11.6157 13.2754 7.74836 11.629 5.81516 7.34006 8.9389 10.6198 9.86046 12.1702 9.32897 15.4959 11.4529 12.8079 7.87122 11.315 8.52694 10.8702 12.194 11.8226 12.1949 12.7428 14.3428 10.0256 12.9176 9.36213 7.96374 9.17334 7.14383 12.5566 8.2393 13.751 8.04499 13.4285 10.9417 10.8512 10.9595 6.98929 13.1498 
5.20049 8.68583 12.773 15.0537 10.5742 7.24314 14.7007 12.4319 11.1006 11.346 11.1301 12.4653 11.1389 12.8875 7.04258 10.2495 9.78195 9.30064 8.57366 7.94914 10.8151 10.1638 10.3202 10.3497 9.45125 12.414 10.3274 8.80864 8.19656 11.5203 8.45234 0 7.90107 11.6661 10.9092 8.95125 10.0456 11.1043 12.4951 7.25696 10.3496 13.1581 14.329 9.65197 8.08511 10.0844 13.6017 10.6528 10.9325 10.3367 14.9842 12.1116 11.68 10.6637 12.3616 7.45811 6.31228 8.0804 11.6824 13.4989 10.6322 10.0479 13.9992 9.81764 13.6282 11.4889 9.15854 6.7323 12.1867 12.2928 10.3697 11.7382 13.9689 12.7248 9.04169 13.4436 10.4088 11.1325 6.69892 6.74689 11.9093 11.4145 11.9443 7.56326 13.6819 11.0357 11.1635 10.7704 8.60092 10.1083 9.42734 13.4413 
8.67553 7.08672 7.97115 12.8717 8.46428 11.1812 11.8493 8.97124 13.1075 9.0668 12.1674 10.4522 12.5896 12.385 8.92817 11.6293 9.63147 9.73155 10.116 8.56421 11.4335 6.185 12.0503 8.22231 10.8641 12.4238 10.5374 11.7882 8.18428 12.184 5.93572 7.90107 0 7.5641 5.96239 8.53593 8.06761 10.3673 10.5599 8.87312 10.8876 11.1396 12.6131 11.8983 10.9995 10.6568 10.6252 9.55885 10.2046 8.82151 12.4456 12.3579 14.1219 13.5853 14.1549 9.48589 10.3371 6.26337 6.81988 10.3846 7.14104 11.1113 11.2849 10.2273 15.2725 12.3229 12.1064 7.34406 9.71335 7.86269 8.13977 9.27645 12.9197 11.7044 11.8457 14.8831 9.5008 14.2143 5.96976 8.59543 7.86949 8.56733 10.0613 6.72256 13.9652 8.19524 14.218 7.99601 10.353 7.57734 7.7122 10.6179 
13.5261 11.7801 5.81119 9.41372 12.2976 14.514 10.6347 7.08801 14.2598 12.3065 10.7275 11.3632 11.5599 11.7211 10.6049 12.481 6.82696 9.49997 10.5842 9.54848 9.94542 7.75278 11.348 10.1461 10.7405 11.011 10.0262 12.2581 9.84032 9.74015 6.60166 11.6661 7.5641 0 7.45536 11.1664 10.5192 8.8921 10.2384 10.4655 12.8616 8.49108 10.3082 13.7335 14.7435 9.70471 8.02001 10.1192 13.8807 10.3774 10.52 10.3372 14.7936 12.7683 11.7436 10.4626 12.6157 7.82648 5.50048 9.21525 11.4084 13.0071 10.6064 8.73034 14.5 11.0338 13.4476 11.6287 8.95373 6.20624 11.9136 12.1273 11.0782 11.7894 13.0849 12.7037 8.25864 13.9584 10.5277 10.4657 7.4999 7.07958 11.335 11.2589 13.0787 7.17807 13.6642 9.76173 10.7926 11.2272 7.73324 10.6368 
11.7833 7.36108 7.0447 9.43838 8.14646 12.8399 7.53094 8.49904 11.8687 8.42844 11.2806 7.64648 11.6265 10.5509 10.1368 10.1791 9.47284 8.81484 10.7533 8.84077 11.7023 6.38687 13.2204 5.41475 12.7967 9.65453 12.0562 12.1302 10.6958 11.684 8.0651 10.9092 5.96239 7.45536 0 7.96192 6.08595 8.67241 8.07793 10.337 10.035 8.93141 9.51018 12.0079 11.8871 11.7749 9.16158 10.7138 9.92112 7.57518 8.05868 10.7591 12.9181 14.1168 13.146 12.2455 12.7869 9.22437 7.26377 8.81362 6.30022 11.1335 7.21961 10.9118 13.177 11.9934 13.3205 10.4633 10.3644 7.49057 7.25242 7.8531 9.69662 8.70075 12.789 13.1045 9.24513 14.5251 7.52929 12.0779 5.52005 8.74458 7.78777 8.24712 11.0654 7.12379 14.1235 8.1535 12.5232 5.92355 7.67895 7.85628 
8.35481 6.92396 13.2745 11.9689 8.16551 10.8726 10.9834 13.3962 10.6197 6.39626 12.3261 11.6434 7.88344 11.439 8.5751 9.01662 10.71 9.35831 6.3185 9.61064 10.3316 7.98239 10.4748 6.8552 11.1572 9.89727 10.7293 10.441 9.98645 10.1994 9.89664 8.95125 8.53593 11.1664 7.96192 0 8.58885 10.8532 10.8245 10.4432 10.8469 8.1446 10.1598 7.68044 10.6507 14.3571 13.8757 9.72783 8.59004 6.72489 11.4332 10.6577 10.9394 10.727 12.3684 10.9477 11.1383 11.1502 10.7933 8.08066 7.13712 9.19872 11.3676 12.9768 10.9615 8.79378 13.2126 10.0764 12.1637 12.9773 5.36921 6.15697 11.7267 11.4225 11.45 11.9338 10.4008 10.1893 7.09977 11.9742 11.4956 10.4554 7.44964 6.64423 10.2708 12.5918 12.6874 7.76179 11.8099 9.49421 7.2083 12.462 
9.80215 8.41928 10.3371 10.7588 7.1276 9.47417 7.56744 10.0646 8.05404 7.78216 9.49981 6.52702 11.1926 7.95075 8.83839 7.84129 11.3506 6.36241 11.2565 7.54848 12.9311 6.16114 14.2512 5.60712 14.3606 8.34625 14.458 9.38739 12.6638 12.5485 10.7288 10.0456 8.06761 10.5192 6.08595 8.58885 0 8.57485 6.53232 8.69895 6.95887 11.0051 8.9775 10.663 7.98389 12.0075 9.81212 12.0127 7.85981 9.29323 8.00102 10.789 9.5548 13.6682 12.2327 12.8802 11.2296 11.8502 10.0152 12.0635 6.89244 10.4234 7.04497 11.0675 11.0182 13.2725 10.3108 9.49159 11.3996 10.4567 7.78316 7.92155 9.77964 7.43232 9.68162 11.434 10.3606 13.1868 6.65996 12.0499 6.70267 12.5076 6.08275 8.61347 9.86748 8.32499 11.6341 7.11051 12.1539 5.2494 10.5639 5.79055 
13.1446 10.8929 9.73098 6.75037 13.7625 12.2837 8.46856 11.6245 10.5184 13.5177 10.0024 7.46097 11.9494 10.9083 6.38949 10.7607 8.38625 8.03305 10.7031 10.5275 6.78851 10.0438 10.0804 7.96129 10.3982 6.8579 11.1108 9.88855 10.411 10.2509 9.06889 11.1043 10.3673 8.8921 8.67241 10.8532 8.57485 0 8.78277 11.2551 12.2019 10.3438 10.1441 8.32275 11.7285 8.77331 11.2807 14.2911 14.7362 9.01337 8.17096 5.54469 11.1007 10.6001 10.1403 10.4388 13.3875 11.9937 11.3486 11.3145 11.7511 7.06636 7.17641 8.01772 11.2375 13.1998 11.555 9.99898 13.4951 10.9263 11.8467 12.93 5.53395 6.38255 11.2518 10.7807 10.7604 11.5497 11.2695 10.0389 9.17211 11.9621 11.0606 10.5032 7.97263 7.91988 10.3008 12.1028 12.4921 9.5162 10.9829 10.9076 
13.0841 11.7251 9.60404 10.0486 9.96387 10.2468 7.71648 8.63576 7.41777 10.1575 6.69145 8.04105 9.97445 5.96432 9.89274 6.44375 9.53337 6.4489 12.2103 6.72183 12.7041 6.97767 14.082 6.27242 14.7301 7.24265 15.0741 8.92653 14.5196 10.3111 12.3852 12.4951 10.5599 10.2384 8.07793 10.8245 6.53232 8.78277 0 8.08512 7.17428 9.82514 6.69485 12.0304 9.15273 10.9778 7.20818 12.1148 9.8082 11.604 7.50131 10.3109 8.41041 12.2996 9.50248 13.279 11.9092 12.8684 10.4146 13.0854 10.4892 12.1765 7.03418 10.0267 9.09448 12.4999 9.96683 12.7992 9.50431 9.30158 10.8712 10.5325 9.23142 8.46638 9.42869 8.59987 8.39981 12.0185 10.1776 12.2457 7.09906 12.2 6.3904 12.7362 8.45771 8.45433 10.1138 7.96198 11.126 6.86815 11.2741 5.26333 
8.06608 11.7616 11.1717 13.8545 9.63149 6.79582 13.1996 8.08 9.22944 10.6644 6.80793 11.7395 9.5837 7.97077 8.46703 7.49655 8.71802 6.10123 10.488 5.49486 13.0155 7.23423 11.4094 9.26438 11.6343 10.3579 12.8506 6.1125 11.9999 10.1632 10.6492 7.25696 8.87312 10.4655 10.337 10.4432 8.69895 11.2551 8.08512 0 6.7509 11.6894 10.9702 11.9173 7.79197 7.93103 8.45369 9.06538 9.50901 12.8981 13.1314 12.3692 10.197 10.6608 9.88547 8.279 6.07946 9.39463 9.75237 14.6566 11.2286 13.0099 12.3545 7.3992 11.544 11.2569 6.03822 10.009 8.29807 10.0013 11.0511 11.4767 13.6799 12.4767 5.47343 10.4549 7.50434 10.5894 7.42394 6.65278 10.1769 10.4922 9.91662 11.7193 12.582 10.5207 8.70816 7.80458 5.94982 9.42927 9.9471 9.14606 
9.75473 12.1517 13.1456 14.1133 7.77163 8.22285 11.4994 9.84163 7.58132 8.86064 7.89161 10.3484 10.562 6.87986 10.4456 7.0117 11.7827 6.60986 12.2784 6.69208 15.1776 6.6305 14.9666 7.71131 15.7574 10.0044 16.4683 8.22037 15.2879 12.5733 13.708 10.3496 10.8876 12.8616 10.035 10.8469 6.95887 12.2019 7.17428 6.7509 0 12.0996 10.071 12.7609 6.73996 11.9878 9.09426 11.5415 6.8189 13.5729 11.3856 13.4478 8.97534 13.2173 11.3346 13.0772 9.42591 13.3096 11.4717 15.3236 10.1326 13.7801 11.1459 11.072 10.7294 13.4533 8.50777 12.3145 9.97294 11.7656 9.92819 9.6404 13.5333 11.421 7.28154 10.7691 9.86934 12.3657 8.09575 11.5855 10.1516 13.4701 6.96662 12.5913 11.4369 11.8837 10.2626 6.13094 10.0571 7.84429 12.1828 6.61264 
13.2664 11.6364 11.8881 9.48536 11.8837 14.1215 9.86429 11.3709 11.7617 9.79861 10.4605 13.1263 6.67668 9.96773 10.3589 8.82569 6.9194 9.01893 8.06102 10.5041 10.1641 9.31736 10.4924 8.38114 10.865 8.4484 10.0507 10.9695 11.3229 6.29265 10.2497 13.1581 11.1396 8.49108 8.93141 8.1446 11.0051 10.3438 9.82514 11.6894 12.0996 0 6.7154 11.4769 14.5139 13.5206 11.2893 7.843 12.2832 9.09771 9.77772 9.80521 11.3702 10.106 10.1733 11.3154 13.6825 11.6163 10.239 7.3757 11.5866 12.2896 10.5565 11.1868 9.87808 6.38994 14.811 14.6156 9.80286 11.1804 9.62239 9.19798 10.478 11.9857 12.7563 9.37198 6.85281 10.4304 11.1107 12.9877 11.8059 6.48466 8.16578 11.0745 9.89292 12.7965 12.408 9.1767 10.7424 12.2602 6.33252 12.302 
14.4296 12.7312 12.1413 9.4173 12.1949 12.9294 7.98539 11.0776 8.54096 10.2532 8.12539 10.6963 7.78497 6.43853 10.7358 7.10852 8.74097 7.62921 11.0377 9.38506 11.8176 8.76678 12.6436 6.57686 14.339 6.00831 14.3034 9.75307 14.5981 8.08211 12.89 14.329 12.6131 10.3082 9.51018 10.1598 8.9775 10.1441 6.69485 10.9702 10.071 6.7154 0 11.684 12.7607 13.1426 9.411 11.0109 11.4903 11.6597 7.23224 10.0659 8.56886 10.8607 8.9984 13.3326 13.8536 14.3739 11.5895 11.6096 11.7189 12.5903 8.23391 10.8143 7.63598 10.1454 13.1775 15.5362 10.5136 11.6957 10.4788 10.0287 8.96075 9.4417 11.2075 7.08547 7.71994 10.8372 12.0274 13.7278 10.817 11.0177 6.54958 13.1455 6.96462 12.0717 10.7006 9.03211 11.4053 10.1015 10.0667 9.43177 
9.97501 9.81968 15.3709 11.0162 13.5277 11.1415 11.9311 16.0718 9.48735 12.351 12.0665 11.7613 10.1425 12.8478 6.30869 9.82921 10.3214 8.89177 6.84126 11.6754 8.03881 12.1887 9.20008 9.90183 10.2904 8.31662 10.4897 8.98149 9.60321 10.6975 11.0175 9.65197 11.8983 13.7335 12.0079 7.68044 10.663 8.32275 12.0304 11.9173 12.7609 11.4769 11.684 0 10.7702 13.363 16.0902 13.9098 13.7574 7.24087 11.9239 7.50477 9.25892 9.05591 10.7476 10.3134 13.0505 13.5533 15.1067 11.4304 12.4146 5.54766 11.7478 11.8642 9.79543 11.2129 12.3357 10.212 16.1055 16.1405 10.2869 11.3888 9.66707 9.5475 10.7621 10.8503 12.6842 8.77795 9.99251 11.7875 13.8986 13.0898 11.4631 7.51144 8.2161 13.0454 9.91259 12.9754 13.2437 12.4175 10.1792 14.5606 
8.17724 11.3192 14.402 14.8563 9.96266 6.49463 13.6343 12.8471 7.40253 11.2618 9.15189 10.3608 11.9843 9.38769 8.95244 8.02096 12.4556 7.88095 11.9203 7.72195 14.4882 9.32021 14.0739 9.54064 14.7163 10.463 16.0658 7.39712 14.3228 13.5783 13.4341 8.08511 10.9995 14.7435 11.8871 10.6507 7.98389 11.7285 9.15273 7.79197 6.73996 14.5139 12.7607 10.7702 0 11.3363 12.7153 13.526 9.35012 12.9926 13.272 13.2784 8.48664 12.8981 11.9922 11.9558 8.96718 13.2976 13.7602 16.5774 11.0228 12.1209 12.172 11.075 11.3901 14.2504 7.4325 10.1282 13.2043 14.283 11.1148 11.7723 13.4231 11.1102 6.02951 11.3033 11.9818 11.9373 7.59738 10.695 11.9439 14.9619 10.403 11.5365 11.7783 11.7324 9.25398 10.0296 10.8874 8.99276 12.8715 9.73589 
12.9008 14.4037 9.45741 12.3453 15.0659 10.461 13.9423 9.58917 12.1493 16.0604 8.2633 12.0053 13.1116 11.6282 8.8244 12.0657 8.28486 8.11616 12.1937 8.66559 10.2772 11.0133 11.2404 12.2611 10.6843 11.7327 12.0769 8.73311 11.0221 10.8744 9.25483 10.0844 10.6568 9.70471 11.7749 14.3571 12.0075 8.77331 10.9778 7.93103 11.9878 13.5206 13.1426 13.363 11.3363 0 9.88158 13.4915 15.7902 13.9366 13.6078 10.1078 12.9514 11.0286 10.0015 8.6067 9.64799 10.2699 11.7835 15.4841 15.1328 12.4768 12.5616 4.75396 14.1959 14.1587 7.86802 10.0772 11.4888 10.0052 15.4984 16.2977 12.3687 11.7597 9.17245 11.7784 9.5406 12.2839 12.0456 6.6306 9.99254 12.5466 14.1366 13.1732 13.7277 7.29388 9.27015 12.7068 8.55198 12.4096 12.7299 12.0749 
14.7267 14.4052 8.17909 12.142 11.8788 12.3429 11.0465 5.92742 12.141 12.754 7.45833 11.28 11.8323 7.18556 12.3832 9.98388 9.54421 8.23434 13.9232 7.84793 14.3241 7.52175 15.028 9.50416 15.1168 11.3453 15.3288 10.6589 15.1158 10.9625 11.9658 13.6017 10.6252 8.02001 9.16158 13.8757 9.81212 11.2807 7.20818 8.45369 9.09426 11.2893 9.411 16.0902 12.7153 9.88158 0 10.8141 12.2357 14.6392 10.7914 12.8827 12.7673 14.135 11.169 13.338 11.9997 11.6054 8.97833 14.4564 12.7556 15.7992 10.351 8.99222 12.9697 13.3257 11.2503 14.1588 7.42181 6.58531 13.3798 13.4374 12.8474 12.2262 10.6648 10.9444 6.7367 14.1317 11.8839 11.901 7.3956 11.3866 10.2041 14.7517 13.3762 8.67422 12.3864 8.32126 9.26436 10.0044 11.8929 7.76314 
10.6044 12.3459 12.9252 14.9905 9.89283 12.52 14.8384 9.668 13.9144 9.49469 11.077 15.8812 7.52722 11.7188 11.7273 10.3173 8.62674 10.6488 8.81172 8.46281 13.0458 7.86684 11.1592 11.0512 11.6276 12.6704 11.2506 11.6914 12.1312 8.50068 10.7848 10.6528 9.55885 10.1192 10.7138 9.72783 12.0127 14.2911 12.1148 9.06538 11.5415 7.843 11.0109 13.9098 13.526 13.4915 10.8141 0 10.4297 12.5073 14.9163 14.2894 13.6062 11.14 12.067 10.2007 9.82211 9.24126 8.29867 11.078 11.7799 15.4105 15.2084 12.1386 13.3528 6.47161 13.4999 13.8715 6.69864 10.6405 10.5746 10.0147 15.8331 16.3268 12.1034 12.1404 7.31798 11.3239 9.18095 10.9843 12.6622 6.62743 9.91566 12.4945 14.6033 13.625 13.7323 6.72325 7.96232 12.7988 6.13991 13.0004 
9.11092 9.58447 14.5368 16.3345 5.39756 10.3938 13.1941 12.1655 10.7748 5.5345 12.1372 12.6748 11.2897 10.2519 12.4229 8.34227 13.6192 10.1058 12.2895 8.17755 16.7454 7.25015 16.2717 8.22317 16.775 12.3958 16.7672 11.7671 15.4281 13.888 14.1568 10.9325 10.2046 13.8807 9.92112 8.59004 7.85981 14.7362 9.8082 9.50901 6.8189 12.2832 11.4903 13.7574 9.35012 15.7902 12.2357 10.4297 0 12.5798 13.534 16.0219 11.7412 15.2235 15.0478 14.6447 11.1566 13.1472 11.8202 14.2325 7.91534 14.9571 13.222 14.7828 13.0389 12.7489 12.6506 13.2331 10.9667 12.9676 7.55858 6.86417 15.5829 13.9965 11.28 13.7868 11.2577 14.3058 6.80583 13.9311 11.734 13.1098 6.99668 11.4357 13.7111 13.6627 14.5443 5.97714 12.2303 8.20702 10.7492 9.7499 
11.1288 6.84869 12.3336 9.85031 11.5196 13.5348 9.98506 14.1871 12.6309 9.75509 13.9595 10.7111 11.0832 13.5602 7.71523 11.8136 10.3423 10.4483 7.53228 12.0888 8.32439 9.61417 10.2445 7.53449 10.3634 10.2527 9.63867 12.324 8.44574 11.7019 8.73831 10.3367 8.82151 10.3774 7.57518 6.72489 9.29323 9.01337 11.604 12.8981 13.5729 9.09771 11.6597 7.24087 12.9926 13.9366 14.6392 12.5073 12.5798 0 10.592 8.79367 13.0949 12.0868 13.5339 11.0948 14.01 11.3354 11.3971 6.81321 8.06191 7.04331 10.1971 12.7091 13.0462 11.4176 14.9162 9.46846 14.4291 12.927 7.04455 8.53946 9.81809 9.78956 13.69 13.7699 12.1914 12.2906 9.2906 12.3407 11.0846 10.5651 9.94697 5.55317 10.0186 11.5281 14.1296 10.971 14.2651 9.75062 7.97644 13.4056 
15.675 12.1415 10.9358 5.8642 13.0312 14.7725 5.22636 12.0142 10.6462 12.1025 11.1395 7.30477 12.1003 9.41207 11.8328 10.8959 11.2636 8.44993 13.0316 11.457 11.9005 9.29414 14.5544 7.34515 15.9228 6.99429 15.5918 11.9403 14.8651 11.8172 12.7071 14.9842 12.4456 10.52 8.05868 11.4332 8.00102 8.17096 7.50131 13.1314 11.3856 9.77772 7.23224 11.9239 13.272 13.6078 10.7914 14.9163 13.534 10.592 0 8.96434 11.7418 13.9822 11.8569 15.4007 16.4805 15.317 12.4612 11.4501 11.4212 11.3005 5.23928 11.9255 10.5132 14.1415 14.5626 14.3011 13.659 11.9553 11.0902 11.313 6.22031 6.16225 13.1618 10.821 11.7072 13.9426 12.5614 15.0497 8.97272 13.9896 8.72118 12.464 7.60149 10.0396 13.0945 10.7252 15.0028 9.06668 12.6435 8.8273 
13.9763 12.3412 12.0283 6.8731 15.2994 13.1219 9.45195 13.3515 10.6536 14.4153 10.2171 10.025 10.8987 11.7267 6.78997 10.6394 7.30904 8.33763 9.47825 11.8339 5.80439 11.6802 8.45669 9.199 9.44481 6.56127 10.3192 9.85995 10.1177 8.87766 9.91513 12.1116 12.3579 10.3372 10.7591 10.6577 10.789 5.54469 10.3109 12.3692 13.4478 9.80521 10.0659 7.50477 13.2784 10.1078 12.8827 14.2894 16.0219 8.79367 8.96434 0 10.6251 8.92478 9.00133 9.72834 14.0865 13.0568 13.1504 11.3093 13.7234 6.78427 8.61023 8.55189 10.3595 12.1638 12.621 11.7455 14.4239 13.1082 12.5994 13.5273 6.11124 7.38838 11.7989 9.83124 10.7558 10.1125 12.4669 10.6927 12.0124 11.6847 11.663 10.8924 7.17535 10.5418 9.2816 13.2458 12.7209 12.0767 10.7988 12.9326 
11.8559 13.4079 15.8363 12.1962 12.669 8.53017 12.3858 14.1834 5.05774 11.9169 8.07158 11.8679 8.64513 7.51885 9.15653 5.54073 11.6469 7.72069 11.09 9.19086 12.7539 10.6834 12.1578 8.70886 14.4118 7.17452 15.9146 6.30617 15.6494 9.82863 15.0332 11.68 14.1219 14.7936 12.9181 10.9394 9.5548 11.1007 8.41041 10.197 8.97534 11.3702 8.56886 9.25892 8.48664 12.9514 12.7673 13.6062 11.7412 13.0949 11.7418 10.6251 0 9.3397 8.65829 12.4579 11.8424 16.1952 15.5379 15.3492 13.4943 11.5783 11.4469 11.4509 5.88986 11.877 9.4234 13.9076 13.7976 15.7093 11.9943 11.9584 11.0251 11.0438 7.29165 6.15069 10.731 7.73666 11.4549 12.4324 13.8099 14.8037 8.93132 13.9604 7.20798 14.024 7.36768 10.7368 11.5632 11.0902 12.7646 10.9928 
11.963 14.3944 15.5249 12.4555 15.3792 11.5418 14.4378 14.0607 10.3565 14.2319 9.07788 15.3783 6.81772 11.432 8.17104 9.51828 7.06496 8.29806 6.81866 11.0869 8.74155 12.4475 5.75284 12.0556 8.33017 8.95001 9.5791 7.13821 11.0307 6.51868 11.6157 10.6637 13.5853 12.7683 14.1168 10.727 13.6682 10.6001 12.2996 10.6608 13.2173 10.106 10.8607 9.05591 12.8981 11.0286 14.135 11.14 15.2235 12.0868 13.9822 8.92478 9.3397 0 6.61246 7.04445 11.1541 12.7183 14.2834 13.209 15.6832 11.378 14.2735 8.77067 8.66074 8.18918 11.2656 13.5803 13.0828 15.1692 13.4961 13.963 12.3211 13.4576 9.34437 7.53662 9.59906 5.25268 12.1887 9.69559 15.326 10.7118 12.7174 12.5737 10.2777 14.5262 7.07226 12.6972 8.58326 15.0898 9.90805 15.2711 
13.6276 15.6978 14.1853 10.6286 15.1747 10.9429 12.6359 11.9226 9.60144 14.5946 6.23746 13.6273 8.13589 8.5945 9.29315 8.00732 6.78003 6.72476 10.5957 10.5549 10.4451 11.1781 9.25156 10.7509 11.144 7.25951 12.5254 6.93274 13.8814 6.26907 13.2754 12.3616 14.1549 11.7436 13.146 12.3684 12.2327 10.1403 9.50248 9.88547 11.3346 10.1733 8.9984 10.7476 11.9922 10.0015 11.169 12.067 15.0478 13.5339 11.8569 9.00133 8.65829 6.61246 0 9.78402 12.1799 14.0455 13.937 14.6578 15.8597 12.2849 12.095 7.73021 7.71 10.3892 10.2315 14.6007 11.6547 13.5091 14.3452 14.4327 11.0631 11.8561 8.03171 5.76063 7.95011 6.25576 13.1281 10.1793 13.8023 11.7433 11.337 14.566 8.93058 13.6403 5.73221 11.7227 9.14495 13.7465 11.6549 12.5061 
